21
14
9
12
13
16
31
17
15
19
13
8
11
13
14
9
10
10
13
15
12
14
20
12
18
19
16
19
15
15
14
16
20
14
8
20
7
9
15
19
11
19
20
17
23
16
14
13
11
10
16
13
13
19
17
15
14
14
19
17
17
17
14
23
10
22
17
18
20
15
13
12
14
13
15
14
13
20
14
7
14
14
9
18
19
17
11
9
14
17
9
15
26
23
10
17
17
17
19
10
14
18
17
19
14
12
15
13
18
18
20
16
10
18
23
19
20
23
16
16
12
11
7
5
10
6
10
7
9
7
8
13
10
6
10
8
7
5
13
8
14
6
7
12
7
7
4
5
9
7
13
7
15
7
13
10
2
2
8
2
2
3
2
4
2
2
2
2
2
5
8
7
12
10
4
9
9
14
8
13
6
2
6
9
5
3
8
3
3
7
5
3
3
4
4
3
18
5
3
3
7
11
15
13
13
8
9
9
11
8
12
10
15
9
15
11
20
14
13
11
15
22
15
14
14
11
10
18
14
13
18
9
13
10
15
15
13
14
13
14
17
12
17
11
8
11
4
8
5
10
8
8
12
11
9
5
6
8
6
7
10
6
10
8
7
9
9
7
12
9
10
8
15
16
12
10
13
8
9
10
18
9
19
9
10
11
9
6
14
15
12
13
7
10
7
12
8
9
7
10
10
10
17
14
6
15
10
14
9
11
11
14
13
11
8
12
9
13
9
9
6
13
14
11
9
10
22
10
12
10
12
25
21
17
16
11
11
12
17
11
11
13
12
8
13
10
14
8
18
18
12
17
17
11
20
11
12
15
10
12
6
19
9
11
11
8
6
4
7
7
4
5
9
6
7
6
15
18
4
4
10
6
5
13
6
7
5
9
5
9
14
7
9
7
8
4
27
11
9
27
6
5
7
7
16
7
8
11
11
7
6
10
10
14
16
8
9
8
7
10
9
16
13
10
6
8
20
13
9
3
8
6
7
4
4
10
12
8
11
14
21
18
12
7
10
6
6
10
56
17
11
9
17
12
7
14
11
11
9
11
9
13
8
9
7
8
8
14
39
10
10
13
17
8
10
11
13
9
13
22
