353997
339811
395976
382135
333795
423698
383029
355281
339933
336628
343827
377018
491564
354134
348211
482685
388971
331177
341601
404632
425930
337542
307048
339665
335680
344699
300116
375416
341860
302430
391327
384938
360808
354315
392915
548799
380018
385081
421423
306248
377677
345860
149116
311210
303822
299612
347443
346655
352476
399624
300548
335986
340813
428648
146155
344183
341462
339095
298884
391002
410838
358787
373850
149073
337451
304510
375500
336866
303046
354261
380210
335521
347945
347462
437259
323204
390451
386973
337181
369493
299204
369908
337935
307160
290928
342396
375678
347320
339156
391002
353951
394039
361994
443692
339682
417338
356851
365858
351627
354152
354454
307984
346247
304414
315556
348744
359756
390051
302590
355435
307208
346016
303390
301790
354365
348610
314116
344127
396573
303870
323383
377302
288366
301213
307992
330588
320378
281242
309777
313368
329617
316961
315668
413094
354217
313791
337328
315715
327526
336597
286606
352879
314270
336106
141319
325818
301655
336322
356930
333018
287876
372753
368797
333337
314665
313062
295995
304234
133081
291700
325844
156293
350333
138587
350795
324515
282721
316585
259979
167696
310853
343798
327405
428683
327843
345220
397614
333428
392517
357935
351359
344489
138953
206571
193429
164262
138851
152793
292260
176119
342958
181239
143920
304963
154723
164403
135072
198639
141900
332853
342166
325598
320493
330198
292432
328614
315468
318921
331244
307753
336743
326277
300844
325889
343262
335246
321420
366842
387046
291384
343465
338882
299668
336345
331239
340095
315842
342555
345205
340848
367709
364805
335226
355665
334129
392724
361297
299252
340734
325174
372079
378152
445573
456897
299241
332387
335815
329178
334223
325860
308360
338616
420880
330342
369526
319976
309078
362294
450265
396560
355291
294407
304656
349927
315427
345108
384842
349957
322573
315650
317458
350239
140468
143920
395953
399091
331425
368875
357755
328712
310808
331933
373502
369332
365048
399585
139985
303294
301549
346316
409152
171361
391944
326273
371312
315052
317316
321505
320935
326252
140772
462646
358083
145293
313609
341982
332454
341658
330106
312758
308846
321561
347156
371552
325723
300510
359276
324451
347116
349977
335440
411875
287836
360154
342493
344081
337126
318169
332919
320920
293072
147653
347327
346697
301116
334035
345045
285644
299116
326354
367357
370749
420121
340989
299068
361630
354176
317713
316721
336876
327776
355027
343204
342185
348699
325323
341342
299572
325511
341463
380665
333756
138441
348247
387994
347725
326920
319014
134766
335533
323706
287095
315663
348772
350937
321048
371780
139951
135736
356627
334126
346332
402494
275972
314837
343222
294557
294765
331017
347156
140643
317297
323268
346275
316238
309207
339140
315440
351650
146322
314790
313265
348506
335796
282618
365336
322634
362506
374077
344567
297202
286332
339753
347921
323128
336212
339648
326193
285804
313991
374058
446884
296482
292769
336969
312972
285804
297666
362133
316422
323655
136448
342842
318701
368321
133189
318815
288178
288268
343287
349416
288348
363497
311870
346030
319135
336115
348135
137861
139505
368763
320603
404195
346927
345230
400374
301604
315903
423577
311916
318116
287596
371369
285804
301260
289340
312320
305481
144049
316090
456014
315654
299796
339241
316408
340482
324681
327419
334004
320617
