94694
87464
120584
112812
84070
136117
113520
96770
88790
86751
90408
107445
177553
96087
93129
172312
116244
83382
88427
124550
137165
87292
67509
87344
84764
91332
65618
108426
88564
65152
117491
113368
101119
95607
119933
211622
112232
115413
134632
68546
107882
92261
12737
70656
67451
63856
91061
90572
95906
122594
65513
84973
87680
139469
11052
91103
88358
86888
62983
128299
99721
117853
107498
12738
84750
66776
108494
84529
64637
95505
112049
84905
92217
92321
146326
77144
117072
114084
84811
104166
63928
105710
86375
68530
58851
89718
110073
92248
86950
117853
96989
120387
100393
149137
87535
132249
97649
103878
95147
95811
96479
68888
91699
67427
73477
93680
98316
117967
65831
97067
69224
91380
66266
65470
97389
93591
73305
89177
122300
68574
77709
109804
57479
66632
68872
83932
77877
53470
70709
74293
81792
75792
73981
130147
96957
72057
87041
74644
80288
86286
55979
95787
74223
85324
8190
81237
65463
86504
97705
84398
57340
108607
106983
84371
74678
72197
63860
68256
3228
61898
80086
15889
95641
6773
97131
83212
57925
74442
46154
22301
71328
90850
80816
140454
81853
92843
123575
84537
118472
99003
96385
92658
7184
46471
37754
20719
6821
14521
62816
28350
91138
30403
8989
69876
16392
20045
4461
42400
7560
86746
91009
80013
78281
82313
60060
81129
73619
75624
82502
69209
88204
79755
65642
79969
90985
87828
78264
103230
115247
60001
89930
87621
63909
85458
84069
88564
74045
90020
91753
88623
106849
102290
83448
96804
85314
118149
101363
65983
89104
79439
108522
111142
151594
159369
66672
83955
85535
83116
87256
79577
70879
88658
137935
82555
104981
76011
73294
101671
156286
119327
100591
61953
69418
94703
76932
92490
117256
94355
79044
75953
76353
92580
7645
9659
121466
123516
83726
106148
100616
83284
74325
84424
109013
104740
104463
124174
7372
69390
65768
90979
128010
26452
117982
79868
106315
73831
75271
79609
77931
79479
7837
162213
101381
10512
72324
92206
84637
90783
82694
74383
71836
78878
94059
108843
80927
66619
99895
80981
93482
94182
87720
129683
57638
99727
91382
92622
89173
76995
83002
77762
61304
11912
92777
92015
64924
84970
92731
56762
63452
79161
104681
109571
136670
88495
64385
102942
96912
76521
75831
86772
81412
96800
90972
90867
94275
78990
88506
63492
79163
86665
115328
83685
6446
93051
115252
94494
82049
75440
4237
84546
80292
59114
76458
94285
95767
76841
107413
7368
4829
95860
85516
93953
127370
51970
72902
89479
63066
63998
82892
93910
7752
77200
80767
94286
76205
71020
87794
75416
98292
11105
74704
73325
94306
86226
56205
104020
78971
102760
110162
91651
65618
57500
90517
94341
80758
88167
89092
81706
74158
57461
109807
149032
63075
62402
86892
72278
57862
62512
102852
75075
80215
5265
91608
76604
107652
3300
77237
60251
58076
89916
94284
57478
102382
72896
94445
76399
84989
92241
6152
7088
107443
78438
127991
95030
92350
123494
64948
75019
135730
71871
76072
58401
106757
57096
67235
58618
74999
69741
9796
75023
158507
74970
63523
88887
76458
87975
80390
81490
83341
77297
