1
1
1
1
1
1
1
1
1
1
1
1
1
1
1
1
1
1
1
1
1
1
1
1
1
1
1
1
1
1

6
3
4
2
6
2
4
9
5
7
7
9
5
8
5
9
4
5
4
4
3
3
8
5
6
3
5
5
5
2

18
34
19
31
38
22
15
31
81
26
17
20
35
17
64
23
35
26
77
41
38
63
36
45
70
44
17
19
27
39

527
318
118
331
210
312
318
621
419
430
219
216
514
450
353
117
317
355
353
439
238
563
638
410
228
223
561
405
331
705

1
1
1
1
1
1
1
1
1
1
1
1
1
1
1
1
1
1
1
1
1
1
1
1
1
1
1
1
1
1

7
8
6
6
2
5
3
3
2
4
3
4
2
2
2
2
7
3
4
2
2
5
9
3
3
3
3
7
2
2

35
21
12
12
11
13
13
21
14
24
11
53
21
15
15
12
13
14
14
11
24
41
25
48
12
30
11
46
36
54

428
102
214
147
307
149
355
430
371
128
120
417
337
234
231
231
135
114
750
147
104
131
108
126
356
530
219
534
467
236

1
1
1
1
1
1
1
1
1
1
1
1
1
1
1
1
1
1
1
1
1
1
1
1
1
1
1
1
1
1

6
7
3
6
5
4
5
2
3
2
8
3
5
6
8
4
2
8
3
7
8
8
6
4
2
6
4
7
7
2

50
36
17
15
10
41
16
20
12
25
27
63
10
18
39
14
19
23
15
13
13
13
28
31
26
33
13
40
28
39

228
446
337
307
343
216
346
162
142
155
405
323
248
415
324
118
327
129
430
340
244
427
128
218
520
252
122
353
228
328

1
1
1
1
1
1
1
1
1
1
1
1
1
1
1
1
1
1
1
1
1
1
1
1
1
1
1
1
1
1

3
5
2
8
6
6
5
4
2
9
6
2
8
4
2
3
5
4
5
8
4
6
9
3
6
2
4
2
7
3

25
18
26
13
15
14
54
13
65
31
27
14
51
17
15
14
16
14
17
51
27
54
10
11
15
64
21
17
16
37

289
307
519
158
117
243
331
357
213
112
255
206
454
334
113
318
221
408
107
336
214
250
829
112
125
431
236
111
238
133
