18.1354939938
14.0527350903
11.7245719433
15.7831571102
13.7439939976
14.0935640335
20.9789190292
17.577133894
14.711730957
15.5712778568
16.2834968567
8.8261859417
12.7528700829
15.1949770451
15.6328179836
13.1745090485
11.5329349041
10.9936070442
13.6378188133
17.6157331467
13.9493381977
14.605891943
19.2612860203
13.9190461636
14.1481370926
15.7179148197
15.1643218994
19.4419050217
13.2414460182
14.1915051937
14.9652910233
13.8754749298
19.1805269718
14.8454911709
13.5814759731
18.5191590786
12.0111370087
10.774750948
15.2286479473
18.3262629509
11.5927290916
14.6237809658
18.1971409321
16.5748028755
18.2811248302
13.0458791256
15.5333881378
15.2670559883
15.9535970688
16.675358057
16.0521149635
12.4661900997
13.3280179501
19.394826889
18.9128100872
16.9680819511
14.3667731285
13.1596539021
16.4269988537
16.8441119194
18.8646008968
20.8844439983
14.4147949219
20.6567571163
11.4791278839
18.3722839355
13.6696259975
15.3697340488
16.9812810421
16.9368698597
15.0964310169
12.2506189346
13.8003029823
15.040760994
16.8992979527
9.87567305565
15.2055850029
16.3916389942
14.7481069565
12.0135648251
14.8467569351
14.3530089855
13.1586358547
20.111066103
19.4343400002
15.5204150677
12.7082629204
12.8434309959
14.4594581127
16.4456660748
13.5745429993
15.3667838573
19.8554508686
18.2357032299
11.9489750862
16.9313352108
15.1094589233
16.8833670616
17.9819221497
14.5568878651
14.0034739971
16.9898979664
16.3711841106
20.1885149479
21.032875061
15.3997499943
16.0412259102
18.581371069
19.1372637749
17.0682430267
20.3633389473
16.9616508484
12.5418679714
15.1831212044
19.2915179729
17.500677824
20.7659089565
17.2602500916
17.2498500347
15.5973119736
11.5561649799
10.8509218693
9.91592001915
5.41225600243
9.14082098007
7.55794501305
9.46464490891
9.04312801361
7.87059998512
9.43498182297
6.8287191391
11.0454640388
10.649823904
8.01898598671
13.3369779587
7.65270090103
6.91659498215
7.20088291168
11.6723439693
13.3510539532
11.0984368324
7.81485104561
9.56198620796
13.1300969124
8.54319095612
7.9324657917
6.20365309715
8.1422829628
8.10076808929
6.75191998482
11.8682208061
9.13384890556
11.4414839745
8.12218213081
13.1990299225
10.0093622208
4.81729102135
4.62772488594
7.22157096863
4.21275520325
4.87366294861
5.63121199608
5.54442715645
5.04256105423
5.24959993362
4.62733197212
4.64682602882
5.28747010231
3.42277121544
6.90445113182
8.59356808662
7.72839021683
12.2780270576
11.4983661175
6.03358411789
10.3937559128
10.8178570271
12.6703600883
8.39580893517
12.9075109959
8.02857613564
5.28410410881
5.1520421505
9.40052318573
6.8024251461
5.27625489235
5.2687561512
4.5474050045
5.32264208794
7.30998706818
6.31461215019
6.32944417
5.81824398041
5.26058912277
6.62383103371
5.84146213531
11.7657661438
6.45745205879
4.94389009476
5.45605802536
8.87438392639
13.054669857
12.4674429893
11.6049308777
11.4095048904
10.3114259243
8.94059896469
9.79648399353
12.30291605
8.52579021454
13.6757850647
11.1511909962
15.294768095
9.93818902969
16.6783549786
13.7470448017
12.6149959564
13.5558309555
15.6435620785
11.4640769958
15.0403449535
17.1618478298
14.1984698772
13.0298669338
13.7377622128
14.0636069775
10.4164760113
17.1278100014
16.5767650604
13.5493569374
13.9770219326
11.5579199791
14.5628800392
9.3210439682
14.3167829514
14.7696449757
13.0371718407
16.7258200645
14.971503973
11.7960889339
9.94746303558
10.7994360924
14.1032888889
12.5286371708
7.7797729969
11.212469101
6.6144080162
7.26619100571
6.98606586456
10.4630060196
8.2134809494
8.34610700607
9.80220603943
7.47399497032
9.4323861599
6.60960817337
6.55077290535
8.30275702477
8.48079586029
8.46282982826
9.1212220192
5.55793499947
9.23858094215
9.37531399727
7.63224506378
7.08441781998
10.150151968
6.83643388748
7.9671728611
8.38385796547
10.7244729996
8.77149200439
13.0326490402
14.0147578716
12.2542488575
13.4623169899
14.2889499664
9.94936800003
10.5048248768
9.40584301949
14.0116369724
7.50787115097
17.3966870308
9.17748212814
10.1300959587
14.069642067
8.43666386604
7.63231086731
10.775895834
11.3298799992
10.4120771885
15.3184399605
8.08844685555
7.91925787926
11.7702560425
10.0750460625
8.60733604431
8.43297791481
10.4574069977
7.19385886192
13.5058619976
12.2100729942
13.030174017
11.4889321327
7.4990811348
12.275072813
13.6273648739
11.0389518738
8.03805422783
10.8582270145
10.460586071
12.89123106
10.1766359806
10.371931076
9.60706591606
7.79023003578
10.3191111088
12.2200241089
9.80320310593
10.6344060898
6.68650794029
13.2080419064
10.9311439991
11.1808979511
8.66759109497
9.27633690834
15.3918499947
10.4859559536
12.0628290176
9.73969697952
13.0873289108
23.8312299252
18.6762089729
16.1064739227
13.6074569225
11.7870059013
10.1748859882
10.386713028
12.0637249947
11.323952198
11.9181740284
11.8760159016
13.6150689125
11.697963953
13.2863709927
12.2675049305
12.0311698914
10.2864749432
11.5795390606
17.3335869312
11.983137846
17.5462079048
16.7940089703
9.39386296272
18.5165019035
9.42065310478
10.1839771271
13.9812729359
11.0474808216
11.76156497
7.79466915131
10.2868459225
9.82675099373
9.62030410767
9.44739198685
6.24903988838
5.9000711441
4.50719308853
6.78487586975
7.74726605415
6.13707685471
5.09064483643
8.74278998375
6.18457579613
7.82366490364
5.62759995461
11.1460390091
13.6380429268
6.81907486916
6.88970708847
10.2650761604
7.10099291801
8.92135095596
9.99279093742
9.09120512009
7.27289199829
5.10888314247
7.5585269928
5.15281009674
10.4615190029
12.6955459118
8.38435316086
7.23519706726
6.91607809067
7.5149371624
5.55461287498
27.077324152
10.9896681309
9.17798900604
17.2697241306
6.22072601318
7.26583504677
8.54660201073
9.67130112648
13.2468640804
8.73567891121
9.28294801712
10.3829770088
10.8182458878
8.01552081108
7.54285812378
11.1821839809
11.6849789619
12.1637098789
13.1968691349
7.59757018089
9.45187902451
6.85888910294
6.48984909058
11.3742041588
9.54093694687
11.6438319683
13.3585929871
8.46981406212
9.11928009987
8.60998296738
17.0044269562
13.7065930367
10.185685873
7.90463399887
6.34238791466
6.84027099609
9.28815412521
7.89933586121
6.29496693611
5.62647795677
11.7645790577
7.95019102097
10.1012148857
13.5493998528
21.0483939648
13.0999250412
10.4828989506
6.44063282013
9.04340291023
9.2432410717
7.53941607475
8.49917221069
39.0579750538
10.2458751202
12.2849740982
11.2649390697
16.1209709644
10.6760680676
9.08307886124
10.9501409531
9.18789386749
10.6033289433
8.6145169735
8.95864415169
9.43874311447
10.4124250412
8.29323601723
9.32009005547
7.55089402199
10.2435109615
9.50304603577
12.2783191204
27.6937940121
10.6110110283
11.5474298
10.6070330143
14.0125858784
9.31084680557
10.4272911549
12.9302299023
11.2706530094
6.93000912666
12.5191860199
17.5866961479
